"2","G1;[1m[33mError[39m in `dplyr::filter()`:[22m
[38;5;232m[36mℹ[38;5;232m In argument: `sample_duration == ""24 HOUR""`.[39m
[1mCaused by error:[22m
[33m![39m object 'sample_duration' not found
[90mRun `]8;;x-r-run:rlang::last_trace()rlang::last_trace()]8;;` to see where the error occurred.[39m
g"
